0.296754 3.25238
0.309898 2.88202
0.310283 3.34557
0.304888 3.40159
0.295021 3.20314
0.306198 3.33972
0.300911 2.87599
0.317027 3.27306
0.315976 3.07074
0.257118 2.81721
0.230026 3.05068
0.284874 3.27644
0.288255 3.10572
0.251224 2.82161
0.305177 3.01804
0.210798 2.81018
0.239282 3.00516
0.302216 3.3975
0.313233 3.45951
0.255014 3.48594
0.306383 2.82881
0.311898 3.4144
0.196552 2.93907
0.197429 3.21592
0.240545 3.11705
0.211043 3.46442
0.229112 3.0278
0.218159 2.87821
0.277069 3.24706
0.223778 2.68856
0.261981 3.53353
0.231703 2.89622
0.269992 3.34369
0.296096 2.98496
0.241282 3.45509
0.243645 3.38118
0.310762 2.85532
0.217847 3.23268
0.281483 3.17614
0.238609 3.07365
0.312071 3.36868
0.191908 3.3401
0.302281 3.19106
0.187059 3.10491
0.244567 3.11162
0.305069 2.90042
0.214893 3.41745
0.299968 3.29743
0.258284 2.91215
0.289137 3.45246
0.226839 2.94594
0.27364 3.03279
0.225785 2.87298
0.243397 3.49788
0.259421 2.78407
0.27207 2.90723
0.282545 3.04216
0.270156 3.32482
0.238021 2.91233
0.301645 3.10019
0.286592 3.11741
0.329978 3.39925
0.264871 3.33649
0.30403 3.21363
0.195789 3.00742
0.231423 3.09367
0.30997 3.3841
0.318013 2.81808
0.205097 3.44889
0.31576 3.19349
0.268564 3.26637
0.277785 2.97855
0.222271 3.40428
0.235004 3.08905
0.279271 2.874
0.208279 2.9004
0.322327 2.95817
0.246904 3.30767
0.309156 2.80236
0.275344 3.52243
0.281746 3.48669
0.226293 3.55775
0.305489 3.18159
0.204431 2.78318
0.3105 3.00337
0.194771 2.99453
0.228084 3.2184
0.298395 3.36686
0.249043 3.29806
0.287409 3.02411
0.300594 3.35098
0.234022 3.06096
0.194729 3.20893
0.268144 3.24044
0.309743 3.08015
0.221924 2.9412
0.263834 3.53403
0.249167 2.86801
0.228547 2.79126
0.283855 3.34965
0.235441 3.4975
0.312814 3.25149
0.311183 2.95667
0.276946 3.24508
0.27481 3.28928
0.27155 2.92019
0.281397 3.35238
0.250123 3.21008
0.318029 2.90282
0.30042 3.46683
0.257132 3.40292
0.192556 2.98965
0.259729 2.80212
0.223136 3.43223
0.19014 3.26888
0.295155 3.2788
0.228766 3.26751
0.190834 3.05843
0.248931 3.15064
0.302024 3.02197
0.300294 3.20443
0.250388 2.86447
0.30004 3.14523
0.194201 3.11796
0.214044 3.53276
0.257239 3.22694
0.226045 3.11785
0.272883 3.09448
0.271347 3.26248
0.231133 2.95434
0.244718 2.72776
0.28667 3.03941
0.24195 2.73422
0.281933 3.51559
0.209756 3.47599
0.221145 2.93983
0.242093 3.26987
0.221887 2.89159
0.320151 3.3701
0.189176 3.03769
0.232706 2.77649
0.264997 3.15016
0.323457 3.32457
0.282518 3.29707
0.250907 2.90158
0.236917 2.80274
0.29948 3.32874
0.29456 2.97816
0.293704 3.04079
0.301328 3.13684
0.287601 3.35983
0.24241 3.405
0.278593 3.05582
0.219302 2.73831
0.213799 3.04464
0.218969 3.17346
0.330769 3.40638
0.266376 3.4438
0.199126 3.36783
0.254576 3.10937
0.289781 2.78009
0.23405 3.28062
0.279577 3.31978
0.233948 2.81308
0.226652 2.9561
0.304619 3.02286
0.263617 3.00483
0.185335 3.13909
0.260988 2.74952
0.193753 3.12709
0.190012 3.17732
0.192754 3.26797
0.193883 3.22263
0.241805 3.14116
0.275886 3.28668
0.300312 3.24966
0.316252 2.90061
0.21747 3.25008
0.243755 2.98631
0.221025 3.34234
0.30377 3.22769
0.233275 3.34364
0.251241 3.18987
0.325554 2.84091
0.304554 3.26009
0.231132 2.78476
0.287844 2.90463
0.221954 3.52253
0.226164 3.59332
0.259372 3.43871
0.210197 2.98553
0.264167 2.78304
0.242304 2.72231
0.308716 2.90693
0.214671 3.52514
0.280103 3.00625
0.295581 3.183
0.219884 3.30594
0.216478 3.1869
0.318874 3.31341
0.260164 3.4649
0.289665 3.1814
0.280883 2.90098
0.184535 3.18318
0.242201 2.73838
0.22718 3.25671
0.203635 3.28339
0.306833 3.08598
0.289632 3.02017
0.24116 2.81934
0.327847 3.38551
0.24796 3.37208
0.258558 2.77278
0.262684 2.92769
0.255132 3.49807
0.249085 3.42089
0.333504 2.89388
0.291469 2.91922
0.226465 3.4766
0.274772 3.4404
0.298814 3.34973
0.253687 2.87159
0.278707 2.78627
0.254485 3.16746
0.271501 2.88098
0.309071 3.39676
0.192879 3.05157
0.298545 3.35956
0.204871 3.46061
0.281207 3.1441
0.315982 2.91573
0.191721 3.29621
0.216285 3.20688
0.304478 2.90566
0.242025 3.30766
0.293935 3.05674
0.293812 3.02208
0.190371 3.12406
0.297802 3.45046
0.276455 2.77608
0.219365 3.17544
0.302321 3.29352
0.292192 2.96346
0.301962 3.44585
0.320549 3.26167
0.24094 3.03084
0.267221 2.96307
0.222831 2.992
0.284206 3.43777
0.238644 3.35727
0.267687 3.3695
0.285541 3.40148
0.240855 2.91016
0.223837 3.52249
0.203556 2.79559
0.260841 3.0396
0.267252 2.94585
0.232773 3.02461
0.316544 2.82097
0.22756 2.74373
0.288004 2.79383
0.200987 2.97568
0.244401 3.26737
0.293611 2.83946
0.208495 3.36486
0.231221 3.01166
0.280628 2.97152
0.261796 3.31969
0.248997 3.29148
0.226324 3.38198
0.201934 2.95771
0.18886 3.30262
0.295416 3.34365
0.323238 2.83945
0.221913 3.58003
0.277931 3.50261
0.235923 2.77987
0.214973 3.09124
0.265341 3.12307
0.212323 3.49656
0.25362 3.07519
0.203192 3.24068
0.226521 2.99828
0.22598 3.11098
0.247867 3.30195
0.25374 3.36132
0.262565 3.33356
0.327424 2.84948
0.260453 3.24473
0.244904 2.73862
0.277543 3.09436
0.243237 3.32216
0.284202 2.80205
0.315669 3.24049
0.21543 3.15784
0.20382 3.13872
0.224496 3.26612
0.289346 3.40218
0.32474 3.39529
0.301609 2.95361
0.191388 3.23635
0.219313 2.96609
0.204933 3.28286
0.235892 2.76998
0.294383 3.20184
0.295536 2.82053
0.283071 3.15195
0.288535 3.0041
0.205746 3.09763
0.311586 2.97764
0.216136 2.775
0.320757 3.41606
0.269113 2.82428
0.266179 2.76574
0.187742 3.30395
0.259983 3.17024
0.226748 3.55466
0.258426 3.10523
0.280246 3.13693
0.254947 3.28543
0.317524 3.35052
0.222767 2.8575
0.265278 3.21301
0.241933 3.12687
0.318059 3.13767
0.216407 2.78402
0.278384 3.49658
0.287037 3.45335
0.190494 3.05459
0.315146 3.2981
0.316969 3.25542
0.307385 3.27173
0.283952 2.89073
0.262868 3.24756
0.283242 3.05163
0.220013 3.51545
0.26597 3.17145
0.260537 3.49371
0.301992 3.09433
0.273817 3.13752
0.258011 2.96622
0.295528 3.20438
0.291716 3.15968
0.190034 2.97975
0.217459 3.3061
0.290378 3.48386
0.282595 3.28705
0.202172 2.8873
0.31765 3.16678
0.198001 3.40887
0.218582 2.98157
0.217771 3.38067
0.212789 3.39274
0.261325 2.97815
0.201704 3.31305
0.237558 2.73806
0.315702 3.42561
0.21687 2.80012
0.265022 3.29136
0.261247 2.78257
0.242802 3.51751
0.226935 2.85993
0.249592 3.49425
0.212259 2.96651
0.316293 3.4503
0.243471 3.02077
0.310826 3.3872
0.281102 2.97127
0.246516 3.11551
0.257163 3.0628
0.330187 3.35367
0.300469 3.3571
0.218664 3.0223
0.319737 2.84528
0.302796 2.90358
0.229249 3.22976
0.207667 3.439
0.221262 3.34899
0.249234 3.35017
0.212291 2.92777
0.240997 2.85314
0.230837 3.44182
0.28014 3.34661
0.27672 3.08926
0.294941 3.36428
0.316837 3.02106
0.215312 3.18305
0.307277 2.81486
0.217664 2.95208
0.293193 2.87043
0.261473 2.79494
0.286353 3.01017
0.278812 2.90085
0.294532 3.20113
0.216283 2.76073
0.303786 3.08063
0.255756 2.73977
0.287774 3.14962
0.196805 3.06278
0.300023 3.09713
0.313477 3.01565
0.19112 2.94278
0.2235 2.68638
0.273091 3.07066
0.26356 2.92513
0.200972 2.85034
0.247622 2.86929
0.316677 2.97935
0.232552 3.29847
0.284848 3.08149
0.245084 3.19575
0.313378 2.95105
0.214293 3.13595
0.211175 2.79275
0.280146 3.34124
0.289851 3.08912
0.264429 3.11231
0.247788 2.87495
0.235173 3.29619
0.301862 3.28474
0.237195 2.75637
0.245065 3.28962
0.303653 3.42713
0.310939 3.32866
0.240672 3.08494
0.223323 2.97046
0.277772 3.11698
0.291101 3.08325
0.206107 3.30178
0.253312 2.85112
0.195264 3.22314
0.207844 3.15549
0.257213 2.91623
0.259748 3.01007
0.301575 3.04236
0.236228 2.94176
0.256695 2.89944
0.271214 3.41003
0.190663 3.0278
0.191027 3.17352
0.262821 2.79941
0.270536 3.05529
0.240098 3.04498
0.283326 2.83251
0.293737 3.09986
0.297554 3.41825
0.221363 3.23081
0.206816 2.92648
0.217897 3.56865
0.229691 3.28185
0.228526 2.70112
0.231474 3.48502
0.237726 3.28378
0.241306 3.18206
0.290181 2.85277
0.308529 3.33611
0.30629 3.15614
0.233548 3.08312
0.230893 3.21264
0.27533 2.92856
