0.296754 3.25238
0.309898 2.88202
0.332618 3.13115
0.401762 3.17523
0.325938 3.28871
0.123606 2.27633
0.246239 3.01069
0.107954 3.34577
0.304888 3.40159
0.17819 2.89576
0.295021 3.20314
0.141309 3.51911
0.0973837 3.19591
0.348654 3.41973
0.390233 2.96807
0.260777 2.65549
0.121806 3.67118
0.306198 3.33972
0.382032 3.03697
0.0813591 3.21558
0.441734 3.26925
0.19555 3.7646
0.178734 2.55265
0.257118 2.81721
0.230026 3.05068
0.174943 2.91778
0.425476 2.85298
0.341861 2.8954
0.468615 3.0077
0.114901 3.58594
0.37962 3.33225
0.33691 3.28615
0.439027 3.37322
0.251224 2.82161
0.0828095 3.58178
0.123686 3.80654
0.210798 2.81018
0.342412 2.91027
0.127884 3.42375
0.189644 2.93055
0.108421 2.43931
0.156071 3.40993
0.356054 3.35596
0.372295 3.34898
0.423867 3.3245
0.141909 3.2245
0.431689 2.89801
0.345761 2.84816
0.239282 3.00516
0.166125 3.78645
0.302216 3.3975
0.119983 2.86387
0.313233 3.45951
0.397261 3.01533
0.345103 3.02889
0.456702 3.26407
0.178695 3.12006
0.370414 3.32305
0.296887 3.54854
0.412008 3.1259
0.453103 3.16024
0.139037 4.0161
0.417006 3.22779
0.306383 2.82881
0.420258 2.87806
0.388988 3.04119
0.374908 3.20632
0.392296 2.78438
0.174947 2.56561
0.397326 3.21861
0.180071 2.44004
0.477173 3.08472
0.391892 2.99841
0.327807 3.54099
0.137808 3.36662
0.28628 3.51119
0.197429 3.21592
0.240545 3.11705
0.211043 3.46442
0.229112 3.0278
0.344084 3.01832
0.427319 3.42965
0.218159 2.87821
0.340706 3.33545
0.193592 2.5109
0.144975 2.78806
0.277069 3.24706
0.223778 2.68856
0.261981 3.53353
0.201853 2.71957
0.444767 3.08514
0.231703 2.89622
0.352646 3.04097
0.175683 2.78782
0.504924 3.31492
0.269992 3.34369
0.21089 2.68163
0.174707 2.49431
0.159657 3.05379
0.296096 2.98496
0.376713 3.04391
0.399881 3.03387
0.369145 3.48677
0.243645 3.38118
0.446886 2.83922
0.440752 3.41259
0.350605 2.80748
0.365093 3.04638
0.183639 3.77481
0.404585 3.39
0.346935 2.97548
0.118347 3.89004
0.120511 4.17479
0.310762 2.85532
0.217847 3.23268
0.366461 3.10385
0.281483 3.17614
0.332747 2.90624
0.20405 2.59978
0.238609 3.07365
0.106027 3.24391
0.089345 3.27336
0.312071 3.36868
0.191908 3.3401
0.208343 2.68729
0.376596 3.12584
0.16454 3.34496
0.302281 3.19106
0.187059 3.10491
0.362428 3.18674
0.17385 2.99157
0.322884 3.30279
0.328221 3.53578
0.0928174 3.39774
0.118708 2.44527
0.126289 3.13253
0.305069 2.90042
0.399185 2.96714
0.214893 3.41745
0.37605 3.09654
0.355357 2.85244
0.142445 3.26356
0.38517 3.4753
0.231696 2.65332
0.187531 3.59333
0.407661 3.3699
0.289137 3.45246
0.21848 3.60934
0.394877 3.48955
0.434288 3.34497
0.141503 3.33272
0.225785 2.87298
0.385495 3.27668
0.274325 3.31342
0.477829 3.36349
0.183689 2.57986
0.276312 3.18487
0.436325 2.87963
0.259421 2.78407
0.27207 2.90723
0.31465 2.77949
0.27393 3.03564
0.238021 2.91233
0.301645 3.10019
0.286592 3.11741
0.45339 3.2798
0.32564 3.49973
0.238092 3.55994
0.346835 3.09629
0.390745 3.26142
0.159372 2.61285
0.46243 3.33532
0.263957 3.36688
0.0994784 3.84242
0.136583 4.10655
0.264871 3.33649
0.152879 2.57609
0.479974 2.9887
0.0969571 2.7004
0.30403 3.21363
0.121982 3.90142
0.178213 2.54512
0.319539 2.74712
0.502548 3.40093
0.273782 2.69475
0.428315 3.25742
0.167029 3.2663
0.153886 3.6797
0.120378 3.19246
0.30706 2.69774
0.0867932 3.06186
0.375388 3.03712
0.231423 3.09367
0.188424 3.65543
0.30997 3.3841
0.447106 3.23778
0.156855 2.94968
0.279225 3.2639
0.405511 3.09735
0.431509 3.16382
0.268564 3.26637
0.277785 2.97855
0.334135 3.03201
0.0726025 3.58282
0.186667 3.59383
0.222271 3.40428
0.111969 2.74444
0.0996181 2.48294
0.235004 3.08905
0.16746 3.251
0.420681 2.99667
0.381099 3.02499
0.457755 2.89719
0.169094 2.87425
0.279271 2.874
0.131404 3.62766
0.353302 3.03356
0.136604 4.01993
0.435151 2.87485
0.377884 3.03836
0.381011 3.24976
0.246904 3.30767
0.505556 3.29962
0.1874 3.60443
0.137642 2.68148
0.422719 3.0368
0.396534 3.04416
0.165316 3.47848
0.139815 3.34865
0.121585 3.64325
0.309156 2.80236
0.365417 3.35089
0.190308 3.73816
0.359808 2.86036
0.422119 3.27102
0.401044 3.39245
0.418498 2.96458
0.458986 3.42067
0.191322 3.68842
0.445108 3.23665
0.199044 2.74639
0.166312 2.69171
0.305489 3.18159
0.340423 2.97099
0.383557 3.07929
0.20212 2.7948
0.190382 3.49726
0.284145 2.76304
0.144599 2.60025
0.258265 3.3081
0.3105 3.00337
0.112369 3.27121
0.187203 2.75489
0.112448 2.87039
0.183668 3.42846
0.335626 3.07148
0.298395 3.36686
0.112602 3.71059
0.249043 3.29806
0.428777 2.93362
0.200928 3.4727
0.13523 2.41103
0.425818 2.98753
0.287409 3.02411
0.300594 3.35098
0.159255 2.51646
0.234022 3.06096
0.194729 3.20893
0.459905 3.11737
0.268144 3.24044
0.360686 3.2239
0.221924 2.9412
0.263834 3.53403
0.249167 2.86801
0.145007 2.45381
0.381365 3.46721
0.189409 2.86467
0.283855 3.34965
0.140937 3.21781
0.235441 3.4975
0.312814 3.25149
0.276946 3.24508
0.27481 3.28928
0.27155 2.92019
0.338596 3.13461
0.254259 2.7337
0.245294 3.09354
0.40939 3.27816
0.168264 2.71748
0.351715 3.29419
0.138464 3.95725
0.170281 2.89706
0.387396 2.85746
0.137552 3.4161
0.30042 3.46683
0.125566 3.42032
0.33749 2.95155
0.192556 2.98965
0.359397 3.2552
0.154198 3.70733
0.259729 2.80212
0.20283 3.36327
0.358523 3.19669
0.223136 3.43223
0.0862175 3.75008
0.458641 3.09436
0.451395 2.94614
0.15516 3.69517
0.333933 3.08413
0.325223 3.46399
0.190834 3.05843
0.388325 3.37754
0.313947 2.85884
0.302024 3.02197
0.152268 3.23219
0.407291 3.44138
0.227701 2.63479
0.398088 3.3097
0.300294 3.20443
0.0969815 3.42297
0.11466 3.7843
0.250388 2.86447
0.30004 3.14523
0.194201 3.11796
0.358818 3.2497
0.226366 2.51571
0.382653 3.1227
0.214044 3.53276
0.30602 3.14936
0.23066 2.62882
0.226045 3.11785
0.383821 3.10519
0.389523 3.01961
0.105844 2.63667
0.329123 3.32755
0.183151 2.57758
0.200081 2.50768
0.427091 2.91799
0.35679 2.98696
0.272883 3.09448
0.350108 3.26872
0.416334 3.10893
0.181905 3.61575
0.271347 3.26248
0.10754 2.37438
0.078928 3.36387
0.416399 3.37264
0.413498 3.1538
0.231133 2.95434
0.431359 3.28104
0.244718 2.72776
0.351239 3.06471
0.338175 3.53408
0.149495 3.50571
0.28667 3.03941
0.452839 2.82677
0.281933 3.51559
0.088265 3.42406
0.441745 2.93844
0.447196 2.85194
0.279873 2.84643
0.379688 2.98217
0.162779 3.75999
0.156004 3.26795
0.149625 3.45249
0.409171 3.1448
0.404019 3.35051
0.346943 2.98581
0.134904 3.37723
0.242093 3.26987
0.102939 3.40124
0.124262 2.45977
0.221887 2.89159
0.429191 3.20335
0.174802 2.81823
0.43504 3.17765
0.380556 3.20206
0.325578 2.81668
0.320151 3.3701
0.230705 2.67036
0.209653 2.58767
0.189176 3.03769
0.401264 2.85147
0.16356 2.35142
0.403954 2.92941
0.118148 3.18887
0.392496 3.13958
0.389678 3.34986
0.200234 2.61601
0.451377 3.33351
0.33943 2.85774
0.250907 2.90158
0.398771 2.89222
0.236917 2.80274
0.366684 3.16779
0.29456 2.97816
0.40779 2.93745
0.425091 2.93217
0.405407 3.39253
0.110692 3.34457
0.392393 3.27595
0.40797 3.28583
0.301328 3.13684
0.111344 2.27606
0.287601 3.35983
0.162493 3.17174
0.380609 3.17293
0.361333 3.36371
0.167458 2.76733
0.326408 3.38859
0.43187 3.50332
0.342435 3.00014
0.359642 2.91028
0.0734873 2.65352
0.179762 3.13339
0.219302 2.73831
0.127185 3.58096
0.218969 3.17346
0.159344 3.16949
0.331912 2.95414
0.135522 3.14164
0.349968 3.32647
0.153994 4.04889
0.138608 3.37257
0.364311 2.78347
0.33849 3.55673
0.266376 3.4438
0.199126 3.36783
0.123623 2.43539
0.32808 3.54325
0.289781 2.78009
0.23405 3.28062
0.183622 2.68688
0.384161 2.90113
0.420053 3.21643
0.324176 3.08477
0.435867 2.93722
0.336127 3.41156
0.447475 3.17696
0.171168 2.56399
0.279577 3.31978
0.233948 2.81308
0.207269 2.63509
0.148436 2.99615
0.293731 2.84551
0.105154 3.48408
0.304619 3.02286
0.38164 3.16582
0.194855 3.73774
0.298813 2.82631
0.188356 2.85575
0.296844 2.93951
0.263617 3.00483
0.427147 3.26278
0.359157 3.23548
0.185335 3.13909
0.335832 3.00457
0.153429 2.22316
0.426098 3.23932
0.139796 2.50594
0.260988 2.74952
0.187222 3.36677
0.431157 3.14094
0.420858 3.3647
0.404388 2.93026
0.380268 3.34364
0.418844 3.04768
0.133699 3.701
0.35957 2.93942
0.115065 2.5396
0.375491 3.21076
0.241805 3.14116
0.147612 2.44308
0.12968 3.88637
0.300312 3.24966
0.351529 3.47865
0.316252 2.90061
0.21747 3.25008
0.130577 4.01372
0.371942 3.34244
0.428466 3.15081
0.243755 2.98631
0.335496 3.15267
0.399328 3.01067
0.435033 3.20085
0.325859 3.14777
0.219721 3.6243
0.340953 3.14447
0.221025 3.34234
0.361735 3.47834
0.408923 3.10457
0.104774 2.68576
0.383875 3.30497
0.30377 3.22769
0.378629 3.23831
0.473435 3.02722
0.405421 2.87645
0.165768 3.27808
0.287844 2.90463
0.161589 3.1943
0.102219 4.07253
0.221954 3.52253
0.185084 2.61851
0.378662 3.30333
0.505015 2.96017
0.331043 3.51682
0.384616 2.8736
0.196891 3.69315
0.33691 3.42405
0.259372 3.43871
0.210197 2.98553
0.200046 2.62969
0.264167 2.78304
0.242304 2.72231
0.365733 2.79445
0.16236 2.61923
0.308716 2.90693
0.214671 3.52514
0.170344 2.95352
0.172025 2.54293
0.468202 3.46355
0.280103 3.00625
0.33258 3.35569
0.295581 3.183
0.363514 2.99992
0.327523 3.11169
0.230476 3.60862
0.131786 2.68828
0.260164 3.4649
0.165983 3.87607
0.408594 3.11228
0.122738 2.55905
0.441206 3.23796
0.419264 3.21545
0.374336 3.31977
0.479171 3.16951
0.205133 2.68194
0.289665 3.1814
0.465443 3.22182
0.280883 2.90098
0.163714 2.27501
0.434597 3.39053
0.242201 2.73838
0.429534 3.19695
0.328873 2.76796
0.352924 3.29349
0.174213 2.9577
0.482156 3.29649
0.22718 3.25671
0.203635 3.28339
0.306833 3.08598
0.289632 3.02017
0.327847 3.38551
0.343894 3.0326
0.258558 2.77278
0.262684 2.92769
0.459805 2.96764
0.255132 3.49807
0.249085 3.42089
0.192127 2.55291
0.324591 2.89763
0.358011 3.2728
0.181128 3.19227
0.174434 3.71376
0.291469 2.91922
0.226465 3.4766
0.388624 3.42492
0.133184 4.08174
0.298814 3.34973
0.154385 3.74397
0.125803 2.96512
0.253687 2.87159
0.397402 3.02077
0.245515 3.68113
0.447943 2.89154
0.412825 2.85843
0.208396 3.64441
0.17837 3.00586
0.172956 3.32764
0.15736 3.09296
0.136967 3.66178
0.144366 3.16776
0.393063 3.27855
0.412833 3.17873
0.129779 3.79654
0.44095 3.38898
0.404231 3.14196
0.271501 2.88098
0.284484 2.74889
0.391958 3.2356
0.309071 3.39676
0.189435 3.22377
0.192879 3.05157
0.298545 3.35956
0.308676 3.50872
0.371605 2.88298
0.204871 3.46061
0.366847 3.40875
0.156768 2.29473
0.145051 2.43557
0.0886246 3.41086
0.142876 3.95898
0.424085 3.13462
0.357397 3.34184
0.44981 3.39767
0.281207 3.1441
0.404322 3.04403
0.0976508 3.62415
0.191721 3.29621
0.296602 3.17866
0.167302 3.60923
0.141841 3.01456
0.216285 3.20688
0.174241 3.18798
0.143431 3.30094
0.093234 2.96644
0.304478 2.90566
0.130277 3.34154
0.406288 2.96617
0.170061 2.61213
0.359034 3.1728
0.135683 3.15612
0.35893 3.02808
0.242025 3.30766
0.42759 3.07818
0.206748 2.60777
0.358277 2.8091
0.134219 3.95315
0.116637 3.67964
0.353796 3.40825
0.159022 2.60027
0.103838 2.80868
0.293812 3.02208
0.190371 3.12406
0.122092 3.92334
0.364811 3.02649
0.276455 2.77608
0.203149 2.71431
0.127151 2.70063
0.219365 3.17544
0.302321 3.29352
0.314315 3.17033
0.292192 2.96346
0.301962 3.44585
0.320549 3.26167
0.138179 4.13251
0.435118 3.23664
0.36012 2.81861
0.222831 2.992
0.244328 3.61622
0.221146 2.53191
0.182762 3.3242
0.465082 3.32748
0.242404 3.1531
0.187528 2.839
0.238644 3.35727
0.0815291 3.42729
0.49254 3.12279
0.270901 2.85543
0.456816 3.16376
0.362703 3.34721
0.267687 3.3695
0.333183 2.95654
0.13842 3.29589
0.223837 3.52249
0.290811 2.73994
0.490194 3.03724
0.49062 2.87891
0.141272 2.30647
0.126965 3.73571
0.439794 3.224
0.363612 3.25766
0.109152 2.25471
0.203556 2.79559
0.408055 3.27961
0.377076 2.89781
0.434377 2.92391
0.175936 2.77835
0.432751 3.13917
0.36317 3.53579
0.375437 3.25408
0.260841 3.0396
0.418892 3.08248
0.436826 3.07873
0.146909 2.52792
0.232773 3.02461
0.399669 3.36137
0.484187 3.32789
0.360059 3.48893
0.168314 3.39103
0.170881 3.8579
0.316544 2.82097
0.116808 3.82872
0.22756 2.74373
0.288004 2.79383
0.342073 2.9481
0.276496 3.60483
0.464331 3.02427
0.320531 2.99517
0.344955 3.17872
0.448089 3.05938
0.344395 3.25497
0.244401 3.26737
0.194979 2.81188
0.293611 2.83946
0.231221 3.01166
0.280628 2.97152
0.164402 3.18537
0.117331 2.2433
0.330937 3.27874
0.318796 2.91883
0.20737 3.31675
0.261796 3.31969
0.328304 2.72111
0.124771 2.45155
0.226324 3.38198
0.345317 3.12937
0.154419 2.72889
0.324546 3.46918
0.354429 3.32278
0.0915789 3.80191
0.106764 2.69336
0.16662 3.58929
0.466669 2.86003
0.322038 3.14858
0.406855 3.49435
0.168485 2.77481
0.122409 3.99017
0.334268 3.31224
0.447328 2.90453
0.242917 3.59199
0.270571 3.48674
0.18886 3.30262
0.105398 4.07245
0.201362 2.80521
0.156401 3.45376
0.383325 3.14167
0.408542 3.02729
0.456093 3.27622
0.250378 2.66165
0.464453 3.33681
0.405561 3.3441
0.424127 3.13406
0.3434 3.32355
0.143984 3.9868
0.155787 2.72018
0.28207 2.65997
0.110788 3.18703
0.112466 3.66391
0.153176 4.02883
0.155332 3.74222
0.418243 3.35835
0.141465 3.03098
0.435153 2.82562
0.349593 3.1599
0.0972922 2.79374
0.235923 2.77987
0.0840108 2.88674
0.336318 2.77885
0.214973 3.09124
0.394806 2.79784
0.277206 3.51886
0.265341 3.12307
0.315917 2.80425
0.140104 3.01327
0.369606 3.45868
0.36744 2.83951
0.106063 3.88964
0.414091 3.2707
0.0642126 3.58748
0.375599 3.03715
0.25362 3.07519
0.154007 2.63126
0.329021 3.07704
0.184395 2.67902
0.203192 3.24068
0.171802 3.66773
0.414851 3.31181
0.333387 3.30856
0.171578 3.78453
0.437244 3.08364
0.25573 3.55795
0.226521 2.99828
0.173243 2.63599
0.127577 4.12065
0.247867 3.30195
0.25374 3.36132
0.33853 3.15132
0.0654035 3.03679
0.383664 3.37996
0.295891 2.76787
0.217834 3.66022
0.144904 3.4426
0.276771 3.62329
0.362339 3.19364
0.260453 3.24473
0.244904 2.73862
0.125375 3.32236
0.356689 2.90526
0.348604 3.15405
0.243237 3.32216
0.19458 3.07722
0.217257 3.74048
0.370373 3.25799
0.163216 2.61599
0.183844 2.69015
0.315669 3.24049
0.397341 3.35251
0.20382 3.13872
0.428211 3.25751
0.225041 3.72326
0.130725 3.44692
0.224496 3.26612
0.0762626 2.91672
0.328184 2.6768
0.0729863 3.48341
0.32474 3.39529
0.173762 3.58715
0.301609 2.95361
0.191388 3.23635
0.125601 2.36109
0.219313 2.96609
0.35952 2.83556
0.0825136 3.62657
0.212096 3.6577
0.204933 3.28286
0.0988004 2.46343
0.122197 2.27962
0.235892 2.76998
0.445603 3.37954
0.178246 3.10309
0.387303 2.93957
0.294383 3.20184
0.325162 3.11297
0.202185 2.78348
0.322303 3.46646
0.427871 3.2374
0.295536 2.82053
0.439947 2.93508
0.125352 3.95203
0.293415 3.51452
0.321135 3.29113
0.288535 3.0041
0.109524 3.20291
0.205746 3.09763
0.125227 3.62807
0.447322 3.38501
0.216136 2.775
0.134886 3.52316
0.134555 2.56106
0.371528 3.26524
0.119139 3.30815
0.320757 3.41606
0.0835345 3.49414
0.152953 2.99974
0.178999 3.66169
0.266179 2.76574
0.331026 3.08779
0.187742 3.30395
0.259983 3.17024
0.365896 2.82191
0.0850895 3.22335
0.474064 2.95356
0.280246 3.13693
0.418538 3.14138
0.162049 3.78936
0.37053 3.08368
0.10068 3.53755
0.406526 3.33542
0.398941 3.22011
0.167928 3.52951
0.0732814 3.44063
0.440346 3.48275
0.357458 2.75796
0.317524 3.35052
0.339221 3.31661
0.199509 3.77061
0.351947 3.11104
0.378818 2.9028
0.0857342 3.54047
0.222767 2.8575
0.265278 3.21301
0.41185 3.32871
0.407803 3.35897
0.398138 2.8415
0.42237 3.16745
0.104299 3.22632
0.278384 3.49658
0.287037 3.45335
0.123171 2.29833
0.464856 2.96163
0.407285 3.06778
0.317241 3.47683
0.315146 3.2981
0.410731 3.08056
0.387424 2.93076
0.208384 3.56713
0.329354 3.38229
0.357224 2.86765
0.416223 3.12495
0.461443 3.33301
0.453412 3.01919
0.504046 2.97951
0.436005 3.04979
0.469107 2.93524
0.307385 3.27173
0.437879 2.84997
0.283952 2.89073
0.153078 2.92819
0.116692 3.80829
0.390499 3.39844
0.262868 3.24756
0.428067 2.97147
0.283242 3.05163
0.465603 3.03463
0.435147 2.93182
0.26597 3.17145
0.39755 3.15897
0.342465 3.46771
0.166178 3.95284
0.465738 3.32368
0.496612 3.164
0.36508 3.03606
0.437442 2.83461
0.258318 3.67018
0.260537 3.49371
0.301992 3.09433
0.139515 2.79791
0.180764 3.55029
0.258011 2.96622
0.295528 3.20438
0.193046 2.8582
0.217459 3.3061
0.290378 3.48386
0.221672 2.63972
0.161245 2.35509
0.282595 3.28705
0.210266 2.661
0.155483 2.79532
0.258628 2.72297
0.135089 2.22483
0.358761 2.74646
0.119786 2.38613
0.240657 3.64992
0.132989 2.92676
0.202172 2.8873
0.31765 3.16678
0.142556 3.58089
0.382916 3.38371
0.379136 3.10465
0.144892 2.17825
0.231545 3.15055
0.38466 3.37283
0.449497 2.80126
0.175961 2.57251
0.218582 2.98157
0.362552 3.42722
0.428408 2.99343
0.34068 2.91043
0.217771 3.38067
0.226863 3.33955
0.362784 2.8768
0.482198 3.37537
0.379432 2.96211
0.415249 3.33301
0.343233 3.43153
0.40868 3.27272
0.261325 2.97815
0.288098 2.92899
0.201704 3.31305
0.237558 2.73806
0.187063 3.25232
0.431985 3.15506
0.21687 2.80012
0.152831 2.34466
0.265022 3.29136
0.145207 3.40959
0.20586 2.64783
0.166572 2.53316
0.261247 2.78257
0.242802 3.51751
0.385123 3.21777
0.429214 3.29546
0.162456 3.47537
0.442043 3.26172
0.136564 3.53126
0.137472 3.52
0.146432 2.69843
0.427549 2.94403
0.219346 3.16157
0.249592 3.49425
0.470336 3.34907
0.400126 3.33395
0.0958719 3.4348
0.123353 4.24816
0.371879 3.07619
0.232614 2.59508
0.316293 3.4503
0.261122 2.85889
0.376211 3.28929
0.468562 2.8965
0.243471 3.02077
0.345919 2.99305
0.382825 3.28572
0.129133 2.35734
0.419132 2.92634
0.301651 2.75083
0.355308 2.97484
0.103178 2.92055
0.154473 3.30973
0.310826 3.3872
0.176763 2.83982
0.281102 2.97127
0.391731 3.04476
0.246516 3.11551
0.446128 3.28343
0.399791 3.35892
0.327578 3.33671
0.386974 3.23141
0.257163 3.0628
0.173493 3.29587
0.200147 3.68462
0.207525 2.61158
0.442269 2.9984
0.48195 3.27335
0.36343 2.87321
0.32394 3.00817
0.427532 3.34878
0.218664 3.0223
0.319737 2.84528
0.195096 3.77218
0.174971 3.20211
0.13433 4.14621
0.302796 2.90358
0.1172 3.50551
0.229249 3.22976
0.0883663 3.66401
0.322625 3.01109
0.378788 2.86522
0.230766 3.6906
0.106804 3.09749
0.368836 3.30704
0.134063 2.63934
0.141122 3.77422
0.322711 3.05633
0.113443 4.10283
0.221262 3.34899
0.351863 2.93505
0.373272 3.45362
0.465411 3.02287
0.355533 2.96802
0.471367 3.32066
0.221921 3.1358
0.432552 3.21509
0.0935956 2.46718
0.463239 3.35333
0.240997 2.85314
0.423103 3.30805
0.35551 2.9747
0.458351 3.09397
0.421593 3.32087
0.386339 3.30269
0.348259 3.20523
0.183825 2.58187
0.170157 2.55033
0.359663 2.82259
0.28014 3.34661
0.402425 2.88606
0.27672 3.08926
0.345831 3.41685
0.294941 3.36428
0.437206 2.87092
0.397856 3.01656
0.316837 3.02106
0.459396 3.44662
0.383028 3.31626
0.318594 3.40725
0.0755166 3.68673
0.381027 3.20362
0.126249 3.364
0.454506 3.32149
0.307277 2.81486
0.170124 3.26418
0.217664 2.95208
0.25971 3.48657
0.378167 2.96992
0.436353 3.02212
0.166618 3.62546
0.248439 2.71045
0.41357 3.37531
0.293193 2.87043
0.343606 2.985
0.278812 2.90085
0.384599 3.46488
0.294532 3.20113
0.216283 2.76073
0.255756 2.73977
0.380185 3.29443
0.353741 2.89328
0.168621 3.80798
0.156572 2.85039
0.153234 3.30738
0.126851 2.6012
0.191905 2.47279
0.130539 3.46742
0.363518 2.8898
0.404024 3.13811
0.186686 2.80725
0.1689 3.11637
0.354668 3.02491
0.313477 3.01565
0.260997 2.60919
0.13867 3.81997
0.2235 2.68638
0.392571 2.87859
0.400816 3.24646
0.273091 3.07066
0.415806 3.45618
0.26356 2.92513
0.121551 3.63147
0.428324 3.0248
0.139201 2.47127
0.200972 2.85034
0.376437 2.79797
0.389265 3.23922
0.0903804 2.66386
0.0988354 2.62499
0.316677 2.97935
0.434997 3.37378
0.25151 2.97992
0.232552 3.29847
0.162312 3.14512
0.387844 3.01335
0.284848 3.08149
0.180399 2.50967
0.176706 3.82213
0.122361 3.1559
0.313378 2.95105
0.414748 3.35859
0.394911 3.22066
0.373732 3.36297
0.437625 3.33608
0.211175 2.79275
0.121546 3.8018
0.280146 3.34124
0.11287 2.30945
0.42193 3.15841
0.264429 3.11231
0.186099 2.71813
0.247788 2.87495
0.438745 3.24712
0.435252 2.97581
0.331786 3.54422
0.402234 2.97274
0.168774 3.65116
0.0980885 3.23347
0.235173 3.29619
0.434326 3.20025
0.427447 3.41692
0.22714 2.66028
0.301862 3.28474
0.189678 3.5175
0.237195 2.75637
0.378489 3.38715
0.38787 3.47826
0.270137 2.69995
0.285628 3.3605
0.245065 3.28962
0.360757 2.77229
0.376095 3.08536
0.28924 3.49944
0.22434 3.30347
0.303653 3.42713
0.400842 2.90694
0.310939 3.32866
0.240672 3.08494
0.357153 3.46129
0.430229 3.28543
0.223323 2.97046
0.320714 3.492
0.107634 2.56589
0.348528 3.2027
0.101409 3.31098
0.206107 3.30178
0.473433 2.97613
0.176614 2.89694
0.401743 3.39798
0.34313 3.2195
0.253312 2.85112
0.412073 2.98436
0.466127 2.9753
0.390347 2.9646
0.383779 2.90332
0.207844 3.15549
0.0942458 2.2163
0.322681 2.9882
0.164395 2.51237
0.409376 3.36647
0.407188 3.1632
0.257213 2.91623
0.157248 3.39503
0.360225 3.24856
0.259748 3.01007
0.34788 3.47861
0.301575 3.04236
0.256695 2.89944
0.0722657 2.95114
0.358832 3.16817
0.191027 3.17352
0.262821 2.79941
0.120206 3.12373
0.365945 3.38769
0.240098 3.04498
0.405478 2.83935
0.17504 2.75074
0.293995 3.51492
0.359176 2.8681
0.318776 3.50722
0.25755 2.70423
0.147529 2.27891
0.221363 3.23081
0.411596 2.89287
0.11193 2.47443
0.217897 3.56865
0.423359 3.08856
0.322873 3.0396
0.326842 2.8518
0.229691 3.28185
0.368071 3.02359
0.434782 2.82901
0.184065 2.82956
0.385983 3.13738
0.231474 3.48502
0.0875194 3.17893
0.114039 4.03866
0.237726 3.28378
0.241306 3.18206
0.386821 3.2014
0.221866 3.67189
0.356032 3.43097
0.0703148 3.2442
0.440662 3.1918
0.132158 3.57493
0.431901 3.0924
0.140691 3.56005
0.355688 3.17258
0.136119 3.55006
0.431343 3.10738
0.101141 3.9496
0.143396 2.65432
0.137689 3.48407
0.260784 3.06746
0.166916 2.67086
0.169524 3.78162
0.308529 3.33611
0.150814 3.12189
0.151627 2.95742
0.402185 3.18563
0.389173 2.9352
0.233548 3.08312
0.451691 2.95218
0.168001 2.36822
0.463619 3.34867
0.230893 3.21264
0.119289 4.25326
0.348696 2.93202
0.297738 2.80569
0.191494 3.4878
0.143656 3.58739
0.397264 2.9576
0.351062 2.94102
0.2553 3.36006
0.17756 3.09986
0.32168 3.30469
0.365332 3.42209
0.366574 2.77996
0.164213 2.70918
0.144833 2.8361
0.205908 3.15045
0.350357 2.7831
0.081179 3.35593
0.240718 3.00887
0.127618 2.62695
0.479945 3.2779
0.107101 3.52124
0.283009 3.44509
0.168948 3.23855
0.342023 2.83843
0.321694 2.95976
0.265945 3.18768
0.286465 2.71918
0.185599 2.47792
0.405646 3.47922
0.43683 2.93459
0.196212 2.49638
0.29842 2.66882
0.391157 2.85027
0.155517 3.21483
0.485623 2.96589
0.491011 3.34749
0.194164 2.77609
0.287063 3.56544
0.118204 3.61548
0.201629 2.62539
0.353959 2.73214
0.407291 2.90139
0.196172 2.64695
0.224711 3.65085
0.146012 4.0786
0.161403 2.65653
0.178152 3.6777
0.269275 3.29216
0.131403 3.57662
0.446064 2.94408
0.182702 3.05989
0.468988 3.16736
0.220896 3.4674
0.318765 3.02813
0.341525 2.84089
0.274697 3.15978
0.415405 3.34767
0.314654 3.17825
0.0769784 2.85862
0.149854 2.80755
0.194748 3.0033
0.316198 3.25277
0.345237 3.53493
0.454261 3.18036
0.336921 3.44104
0.144657 3.37
0.496899 3.09435
0.27623 2.90369
0.12409 2.9175
0.119104 3.33589
0.346999 3.27003
0.373809 3.42918
0.316395 3.26763
0.308629 3.52005
0.129426 3.14959
0.110202 3.36367
0.299743 3.1066
0.413861 3.18792
0.150763 2.97588
0.20004 3.35413
0.132339 3.6845
0.401362 3.3658
0.274132 3.10783
0.232877 2.575
0.347535 2.82747
0.336298 2.8092
0.290987 2.80496
0.147267 2.66039
0.195319 3.46776
0.274739 2.70628
0.35398 2.92852
0.134736 3.43805
0.2625 3.14232
0.108301 3.89419
0.0872902 3.71607
0.175757 3.32075
0.151442 2.86778
0.315026 2.88168
0.213726 3.72502
0.283881 3.20455
0.21063 3.12645
0.253833 2.94666
0.3552 2.85854
0.367942 3.40256
0.154163 2.9949
0.160122 2.82036
0.471355 3.34138
0.259336 3.09513
0.484271 3.14519
0.427237 2.96002
0.118599 3.8116
0.384293 3.17033
0.280619 3.17168
0.306553 2.95665
0.416196 2.97666
0.190471 2.77687
0.374107 2.80011
0.179422 3.4555
0.357538 3.07049
0.458807 2.88183
0.0649548 3.24963
0.22029 2.79592
0.192195 3.68364
0.462221 3.46216
0.132237 3.45626
0.407574 3.3489
0.204743 2.73505
0.221141 3.19989
0.322903 2.89455
0.281237 3.34367
0.490927 3.408
0.203241 3.37082
0.244104 2.92645
0.227193 3.09531
0.205718 3.57117
0.424071 3.37498
0.30243 3.29979
0.446763 3.34476
0.259592 3.36906
0.323846 3.31821
0.155215 3.86064
0.204693 2.87413
0.305465 2.69767
0.435974 3.29397
0.317042 3.21695
0.434437 3.01693
0.254758 3.02877
0.152834 3.5864
0.373364 3.24723
0.435383 2.96996
0.182917 2.58266
0.289756 3.45576
0.440593 3.04553
0.426067 3.43853
0.46202 2.94835
0.160684 2.4891
0.0620266 3.38913
0.176583 3.64401
0.417701 3.44221
0.186368 3.21338
0.347507 3.50146
0.393958 3.36533
0.472354 3.24105
0.288433 3.27563
0.271182 3.02482
0.152773 3.27339
0.23401 3.09986
0.473986 3.12455
0.421951 3.17842
0.154223 2.40929
0.108591 3.49298
0.222117 2.70173
0.521852 3.4447
0.442093 3.32944
0.401447 3.32462
0.143137 3.25669
0.130533 2.94987
0.470852 3.3214
0.467417 3.27176
0.447165 2.96536
0.333101 2.78621
0.230004 2.68888
0.201243 2.73468
0.118899 2.9967
0.418262 3.06575
0.138761 3.58551
0.336375 3.02055
0.350817 2.80326
0.13192 2.81956
0.261022 3.08507
0.162767 2.57664
0.0968667 3.30549
0.421884 3.22744
0.183297 3.74935
0.164036 2.6964
0.188724 3.59947
0.185172 3.49382
0.331277 3.41889
0.241946 3.50954
0.207993 2.59481
0.328865 2.84458
0.369034 3.43892
0.280245 3.27565
0.380559 3.00145
0.165123 3.26457
0.177145 3.32808
0.270286 3.21045
0.125872 2.50431
0.19159 2.61036
0.13878 3.84912
0.171759 3.46346
0.246795 2.86777
0.275857 3.03418
0.423061 3.38442
0.194239 3.62867
0.169116 3.09744
0.304516 3.14892
0.460969 3.39634
0.296658 2.79894
0.133841 3.676
0.426498 3.27609
0.42143 3.20419
0.306873 2.67024
0.189665 3.42517
0.394471 3.11417
0.2967 3.22637
0.310002 3.38248
0.159193 3.10145
0.407768 3.50005
0.445919 3.06485
0.101112 2.82887
0.228203 2.55924
0.226548 3.6948
0.127419 2.78294
0.458175 2.91781
0.248889 2.89107
0.274041 3.45623
0.122787 4.01879
0.297283 3.01474
0.431188 3.18981
0.17831 3.18007
0.301587 3.08262
0.311086 2.75684
0.11063 3.6407
0.384152 3.18976
0.332903 3.40394
0.467805 3.18996
0.267301 3.15108
0.386077 2.95777
0.420201 3.07475
0.135332 2.74158
0.129904 3.04541
0.386776 3.39771
0.147138 2.34948
0.307561 3.29534
0.237433 3.00337
0.217276 3.24124
0.368766 2.99371
0.361099 2.93194
0.21182 3.25645
0.39858 3.28066
0.228201 2.86647
0.166832 2.4844
0.46071 3.48001
0.247594 2.79461
0.396172 3.0548
0.276514 3.4787
0.297832 2.84855
0.388441 3.2629
0.492449 3.29903
0.252329 3.13842
0.404515 3.11385
0.250018 3.27925
0.176032 3.52559
0.289061 3.61537
0.435619 2.98272
0.30821 3.31223
0.340695 3.26599
0.273686 3.45109
0.353944 2.85479
0.21274 3.55222
0.222576 2.70697
0.373218 3.4391
0.135058 3.89354
0.376876 3.31869
0.327158 3.1672
0.220226 3.19339
0.247573 2.96221
0.235229 3.17934
0.447556 3.30184
0.237333 3.30457
0.389343 2.9909
0.257426 2.97835
0.242559 3.51972
0.448988 2.88916
0.0853493 2.89696
0.339356 3.22129
0.314811 2.83197
0.153467 2.96032
0.466083 2.87557
0.390931 3.19674
0.203735 3.01187
0.293896 3.4799
0.394565 3.23826
0.140074 3.09995
0.2144 2.98545
0.366454 2.99621
0.157262 3.15795
0.395125 3.41504
0.147834 3.50233
0.33136 3.36822
0.366845 3.12533
0.447362 3.46981
0.243607 3.6379
0.229337 2.72552
0.119921 3.65255
0.116621 3.81239
0.367806 3.13623
0.322335 3.36453
0.381754 3.30755
0.290078 3.51749
0.20265 3.6574
0.278507 2.84042
0.101167 2.44538
0.450947 3.32006
0.299365 2.96449
0.341722 2.82907
0.272273 3.47242
0.323601 3.48798
0.22185 3.3427
0.348958 2.78486
0.139522 2.87289
0.261575 2.93534
0.201731 2.63865
0.404159 3.28028
0.418148 3.35773
0.15748 2.85109
0.324754 2.84469
0.358479 2.83441
0.108943 2.41989
0.340409 3.3827
0.194048 3.6792
0.212149 2.7793
0.207478 3.4754
0.369339 3.44137
0.223027 3.24774
0.42591 3.03793
0.137119 2.22973
0.137467 3.52968
0.278548 2.95558
0.377961 2.95913
0.229354 3.61871
0.170758 3.38606
0.286701 3.17111
0.209239 3.07946
0.219171 2.57482
0.166171 3.4722
0.170146 3.73265
0.317565 3.14244
0.325709 3.56506
0.331544 3.25655
0.326925 3.26522
0.41855 3.41863
0.155577 3.71911
0.174807 2.67618
0.257979 3.52767
0.375837 2.96632
0.400519 2.88905
0.458657 3.00499
0.0815342 2.91718
0.242252 3.44113
0.331361 3.2878
0.463597 3.15672
0.286035 2.81104
0.46425 3.28844
0.300968 3.26789
0.30444 2.80202
0.188168 2.74813
0.14834 2.64697
0.431489 3.25802
0.141055 3.10017
0.339728 2.87194
0.177817 3.70821
0.0775997 2.59663
0.254965 2.88753
0.147469 3.40342
0.279578 3.01848
0.367383 2.95748
0.159618 3.25733
0.321609 3.2539
0.174291 2.97076
0.397756 3.07138
0.114805 3.28654
0.421181 3.37947
0.210318 2.86539
0.452879 3.08026
0.339307 2.92457
0.502813 3.28776
0.272729 2.66099
0.339375 2.89653
0.355864 3.44194
0.343926 3.372
0.362526 3.32156
0.362948 3.29829
0.429449 3.242
0.442235 3.13692
0.347803 2.87015
0.177414 2.72076
0.362666 3.34405
0.25442 2.96085
0.178743 3.74585
0.37349 3.52266
0.0802136 3.29997
0.269465 2.99
0.408676 3.34963
0.254403 3.24772
0.378972 2.93377
0.410702 3.14942
0.453753 3.35527
0.206172 3.61536
0.287295 3.07847
0.283418 3.09665
0.408882 3.29328
0.208429 2.81269
0.384373 3.0643
0.23809 3.32406
0.0924518 3.17352
0.425794 2.86454
0.265294 3.43002
0.419012 3.1689
0.377918 3.2602
0.230791 3.15196
0.153772 2.9438
0.295523 3.26739
0.247437 3.38626
0.223431 2.9575
0.440019 3.40521
0.220237 2.90462
0.402902 3.20297
0.0630417 3.5165
0.0885066 3.53193
0.41676 2.91045
0.0643807 2.85409
0.302665 3.0569
0.154674 3.67141
0.178373 3.82916
0.31818 2.7603
0.199506 3.2133
0.317378 2.80703
0.103442 2.81883
0.328489 3.48815
0.123493 3.76814
0.302123 2.76083
0.0982875 3.80559
0.0882245 2.75532
0.248436 2.68739
0.470059 3.39671
0.14908 3.03129
0.166147 3.38559
0.414853 3.4129
0.354785 3.23241
0.170123 3.60401
0.147967 3.80558
0.458189 3.11822
0.184359 2.50605
0.169153 2.67665
0.0901809 3.57091
0.22214 3.0226
0.431784 2.9508
0.213914 2.59789
0.477472 3.19396
0.0945486 3.27218
0.378783 2.76688
0.381385 3.16476
0.359535 3.1366
0.224643 2.65049
0.369171 3.54306
0.141145 2.42984
0.421145 2.96191
0.090792 2.61142
0.431094 2.91548
0.28488 2.68083
0.307262 2.97029
0.285609 3.26087
0.42031 2.89779
0.131897 2.41778
0.183035 3.38492
0.342519 2.79256
0.110801 3.04796
0.450227 2.9212
0.21037 2.90968
0.298446 3.42218
0.221691 3.29492
0.323214 3.1727
0.274424 2.7863
0.155759 2.86745
0.17411 2.64904
0.436674 3.35632
0.466367 3.39448
0.485388 3.20757
0.497974 3.01408
0.446071 3.42285
0.169 3.35617
0.435075 3.16556
0.292775 3.34977
0.172373 2.49655
0.337837 3.14259
0.135509 3.97633
0.398612 3.09095
0.389116 3.35283
0.0989332 3.07705
0.343401 3.1559
0.445011 3.1003
0.209152 2.67628
0.278204 3.47595
0.339614 2.83989
0.429033 3.23041
0.270915 3.43183
0.450116 2.93859
0.293007 3.30301
0.247341 3.20666
0.41297 3.45533
0.243778 3.04589
0.16473 3.44142
0.072914 2.69628
0.423755 3.26025
0.138195 3.66515
0.320305 3.52662
0.102155 2.84408
0.162104 3.45624
0.337673 3.22939
0.20916 3.6334
0.34776 3.05537
0.2014 2.6856
0.167789 2.48598
0.170152 2.97087
0.215914 2.58932
0.317246 3.04715
0.315273 3.47569
0.235492 2.7109
0.0933584 3.94928
0.421485 2.97224
0.175326 3.61222
0.110683 3.43331
0.174343 2.45744
0.348074 2.99067
0.204179 3.3286
0.0807738 3.80871
0.409184 3.44967
0.30734 3.48988
0.246252 3.21779
0.15548 3.63563
0.438546 3.00245
0.321949 3.05522
0.352015 2.86754
0.0978743 3.14671
0.08041 3.09006
0.286398 2.73587
0.359542 2.8804
0.185551 3.71824
0.389467 3.3423
0.140034 3.35504
0.417287 3.20926
0.252473 2.80989
0.113573 2.5571
0.327381 3.17395
0.0757349 3.0964
0.435751 3.19151
0.275804 3.27037
0.252797 2.89563
0.217582 3.017
0.327997 3.06377
0.406139 3.21699
0.464911 3.01187
0.205241 2.89729
0.282438 3.51931
0.313784 3.03724
0.304881 3.46949
0.210365 3.30735
0.435241 3.37318
0.12467 2.52357
0.432619 3.21864
0.255712 3.36812
0.228073 3.50335
0.327582 2.85678
0.394126 2.90396
0.389011 3.26535
0.184959 2.51835
0.345472 3.55303
0.197023 2.78138
0.386835 3.1463
0.166536 2.58197
0.220245 3.34253
0.428652 3.37445
0.208316 3.33765
0.375469 2.88011
0.272031 3.10026
0.219387 3.54426
0.104072 2.70377
0.165383 3.68212
0.455817 3.13799
0.413411 3.38993
0.116109 2.94528
0.331779 2.88264
0.193936 3.13865
0.287775 3.21845
0.320148 2.92142
0.339503 3.23447
0.284444 3.14187
0.453505 3.34029
0.178638 3.30042
0.232971 2.60424
0.332229 2.93389
0.308264 3.01458
0.171091 2.91266
0.172075 3.81461
0.427778 3.1606
0.385255 3.19873
0.290338 3.01984
0.266718 3.26734
0.283963 2.84694
0.247252 2.92876
0.144863 3.88412
0.436959 3.32149
0.244715 3.15595
0.441989 3.08089
0.104453 3.27221
0.122099 2.31852
0.126472 4.17396
0.418697 3.14061
0.437171 3.12107
0.127448 2.59447
0.296576 3.23893
0.328597 3.48827
0.123484 2.54118
0.211767 2.62138
0.139629 2.31535
0.419645 2.90061
0.23549 3.3736
0.287084 3.52167
0.1697 3.37543
0.139422 3.30473
0.162179 2.46977
0.301108 3.51323
0.287883 2.7767
0.24684 2.91134
0.164181 2.66291
0.268451 3.15749
0.360315 2.89679
0.180979 3.35985
0.276273 2.66573
0.443565 3.09939
0.31583 3.01667
0.148026 3.09596
0.423759 2.86579
0.191272 2.82176
0.226783 3.36625
0.122754 2.95925
0.197846 3.77399
0.136995 2.44887
0.236463 3.60413
0.112064 2.98813
0.143856 3.09152
0.31086 3.38003
0.347655 3.01716
0.151631 3.55609
0.152724 3.01434
0.261914 3.44944
0.109607 3.26983
0.425487 3.3398
0.147903 2.5068
0.376617 3.20446
0.332437 3.43092
0.305253 3.02096
0.208751 3.30949
0.417074 2.91773
0.11261 2.46077
0.424052 2.86507
0.092381 3.08178
0.191853 3.16929
0.30247 3.14635
0.392621 3.13042
0.200987 3.52266
0.249856 3.12133
0.284979 3.37064
0.3043 3.23164
0.250262 3.49096
0.298492 3.21125
0.107504 2.90445
0.38395 2.98533
0.162352 3.15812
0.352805 3.12669
0.410909 3.48971
0.321705 2.82126
0.16333 3.54172
0.324175 3.47374
0.344428 2.92271
0.302416 2.95925
0.428059 2.90957
0.378652 3.43635
0.374901 2.99718
0.390974 3.09164
0.311148 3.24279
0.395874 3.30371
0.198816 3.3077
0.134689 3.70598
0.234545 2.62346
0.264355 2.62496
0.210672 3.43599
0.201343 2.65639
0.285579 3.24846
0.336894 3.06297
0.279012 3.17618
0.238328 3.03706
0.262085 3.5411
0.188133 3.07181
0.420752 2.87956
0.160301 3.34157
0.362323 2.957
0.365649 2.86108
0.13013 3.62832
0.410115 3.14979
0.217566 2.72355
0.226427 2.73134
0.251306 2.92202
0.122908 2.06029
0.196417 3.24006
0.249565 3.68908
0.125643 3.45926
0.188811 2.58894
0.36916 2.92663
0.312822 3.26771
0.180025 2.82719
0.250377 2.78169
0.326719 3.34477
0.103559 3.50462
0.243317 3.55699
0.425945 3.25527
0.295141 3.29528
0.450042 3.06375
0.240789 3.49028
0.221116 3.49623
0.10641 2.57524
0.362412 3.15369
0.242771 3.04802
0.299078 3.47963
0.142719 3.05113
0.418302 3.41495
0.417011 2.7893
0.121601 2.36408
0.18974 2.486
0.208658 3.56612
0.374413 3.18104
0.181907 2.83567
0.312501 3.47064
0.445208 3.33469
0.165067 3.56714
0.246738 3.24467
0.357983 3.47681
0.250057 2.80376
0.236412 2.88139
0.286959 3.06856
0.275437 2.90696
0.134281 3.02692
0.443286 2.9255
0.407864 3.14324
0.206122 3.50391
0.198573 3.28713
0.40754 3.14931
0.333593 3.08875
0.239213 2.9124
0.17829 2.86578
0.228863 3.03855
0.226191 3.4269
0.284296 2.95511
0.134545 2.9
0.36836 3.00267
0.116217 2.12887
0.446201 3.42284
0.450637 2.9173
0.133675 2.30915
0.29535 3.16518
0.118663 4.00186
0.497993 2.94036
0.292873 2.78786
0.329729 3.52214
0.351802 3.12825
0.145495 3.51726
0.482365 3.27829
0.299963 3.19629
0.254692 3.39309
0.451681 2.92667
0.369762 2.7685
0.25125 2.69416
0.393811 3.20171
0.100708 3.35991
0.319118 2.82599
0.420238 3.45581
0.112018 2.52247
0.346092 3.33194
0.146242 2.86325
0.207028 3.59012
0.249896 2.68563
0.170097 3.2652
0.289737 2.69386
0.360025 3.03124
0.201523 3.29864
0.13097 3.13099
0.367144 3.46623
0.184577 3.706
0.297588 3.37386
0.365884 3.17622
0.298453 3.57965
0.245917 2.86995
0.125173 3.70966
0.136089 3.64673
0.261997 3.48336
0.116138 2.77004
0.207391 3.11303
0.173663 2.79464
0.254114 2.72573
0.429344 3.16343
0.159576 3.38209
0.350789 3.07534
0.401435 3.13971
0.420499 3.07292
0.247468 3.25381
0.303704 3.35019
0.502811 3.03307
0.366252 3.043
0.209969 2.69187
0.277839 3.18163
0.103729 3.78281
0.324074 3.53691
0.207224 3.76086
0.307964 3.45221
0.377877 3.05017
0.433563 3.00475
0.118653 2.10024
0.460573 2.83108
0.115872 2.86673
0.471247 3.42489
0.376994 2.75514
0.202082 3.77878
0.365566 3.45501
0.271761 2.82492
0.341229 3.0374
0.184705 2.71323
0.289996 3.45288
0.213532 2.82654
0.217597 2.61039
0.319891 3.00945
0.123178 3.2963
0.258162 2.91341
0.197514 3.11896
0.137253 3.58456
0.162883 2.5196
0.0855384 2.59426
0.486223 3.05721
0.496848 2.84994
0.343725 2.97138
0.442529 2.88226
0.0624785 2.85982
0.265089 3.13238
0.185368 3.07872
0.328684 2.94547
0.183081 2.53377
0.393987 2.99225
0.385376 3.44998
0.0948132 2.45498
0.129687 3.70334
0.427648 2.98146
0.164572 3.30858
0.218173 2.72234
0.168119 2.65636
0.360486 3.16882
0.499566 3.07196
0.225949 3.61315
0.364672 3.23994
0.247843 3.33418
0.311664 3.55685
0.326232 3.14856
0.243584 3.55749
0.114433 2.4518
0.256992 3.6129
0.391719 2.8095
0.148079 3.9006
0.275502 3.36362
0.193168 3.12645
0.420851 3.18448
0.181252 2.40103
0.275409 3.51026
0.358588 3.04325
0.190551 3.65054
0.0934382 2.34981
0.22656 3.37292
0.253379 3.18687
0.331105 3.42271
0.12018 2.14403
0.288384 3.28515
0.218515 3.258
0.379103 2.85061
0.278191 3.18278
0.127023 3.99601
0.177322 2.5277
0.378098 3.07032
0.417971 3.17849
0.504834 2.91102
0.292314 3.40891
0.335898 3.05817
0.410358 3.37836
0.32197 2.99843
0.154749 2.58388
0.263029 3.17954
0.138037 3.28262
0.327264 3.14695
0.130357 3.46217
0.438429 3.41984
0.117357 2.86474
0.0686316 3.2742
0.387912 3.10998
0.199698 2.88467
0.171449 2.765
0.110176 3.22958
0.338661 2.77249
0.107813 2.68008
0.455926 3.09114
0.189515 2.93921
0.116865 3.85143
0.453019 3.31096
0.261973 2.62381
0.147081 4.00925
0.253841 3.0975
0.195842 2.7271
0.273959 3.42688
0.354236 3.42395
0.270558 2.9218
0.418857 3.32471
0.49404 3.09554
0.447025 3.29999
0.376244 3.37438
0.231892 3.2407
0.320161 2.82993
0.241315 3.0919
0.41919 3.25993
0.3306 2.97457
0.0792104 2.84532
0.118658 3.02907
0.204988 2.98096
0.292213 2.74972
0.289754 3.08416
0.306563 3.49778
0.152755 3.81803
0.291845 2.79039
0.191755 3.31189
0.313115 3.16138
0.383019 3.03151
0.478393 3.20115
0.147426 2.4261
0.386758 3.02781
0.374939 2.86905
0.290583 3.10603
0.456221 3.05244
0.172501 3.43019
0.231794 3.56868
0.337961 3.26862
0.451695 3.04186
0.138592 3.62214
0.303483 3.04897
0.196848 3.49006
0.338529 3.14293
0.256007 3.03825
0.389785 2.85412
0.200704 3.29051
0.291608 3.13552
0.152238 3.01999
0.138199 3.51885
0.222047 3.67562
0.258293 3.1613
0.140126 2.89582
0.245939 3.39597
0.39257 2.85371
0.429044 3.13051
0.271468 2.67883
0.327711 3.0409
0.271036 3.10895
0.513371 3.34648
0.157493 3.96499
0.0652838 2.7662
0.381893 2.78428
0.103341 3.46036
0.140738 3.62366
0.128515 3.96457
0.196347 2.7565
0.353915 2.88447
0.315647 2.97483
0.442205 3.47506
0.476385 3.34372
0.115335 3.15423
0.489776 3.42212
0.397713 2.92487
0.371494 3.07874
0.214297 3.47081
0.378196 3.11843
0.419995 3.45006
0.11914 3.97737
0.242537 3.35601
0.1039 2.68884
0.414612 3.2015
0.315485 3.50899
0.115336 3.19402
0.191922 3.32687
0.254937 2.63584
0.101297 2.82343
0.113632 4.04451
0.160434 2.8568
0.134813 2.252
0.504476 3.27543
0.347884 3.09052
0.112192 3.18596
0.150891 2.48038
0.286444 3.06245
0.121951 3.68892
0.169769 3.34952
0.233532 3.68521
0.123799 3.38683
0.277849 3.45468
0.276636 3.53493
0.414593 2.82628
0.385925 3.02978
0.133205 2.32214
0.316023 3.18856
0.340152 3.53401
0.302325 3.5872
0.304788 3.00018
0.216273 3.74439
0.0721034 3.20555
0.421609 3.32449
0.181612 2.6906
0.325678 3.49486
0.421285 3.22673
0.168121 2.75435
0.241054 3.61549
0.290303 3.10545
0.251412 3.17339
0.256463 3.65526
0.118206 3.76807
0.382964 2.96115
0.233456 3.25848
0.414035 2.80172
0.191999 3.63634
0.197718 3.73788
0.15398 2.55105
0.427565 3.24387
0.256587 2.87583
0.227214 2.87161
0.153777 2.54475
0.192065 2.96143
0.200193 3.34485
0.338524 3.14276
0.144896 3.0077
0.160044 3.45277
0.317216 3.47335
0.299531 3.0795
0.316772 2.97444
0.304976 3.15022
0.292935 3.07229
0.138788 3.59252
0.344643 3.1716
0.141726 3.83094
0.330282 3.51766
0.262652 2.98914
0.372584 3.31827
0.415279 3.16318
0.0923843 3.1911
0.396654 3.4807
0.189371 3.52964
0.226152 2.75374
0.19326 2.72873
0.401103 2.83002
0.341683 3.30614
0.233319 3.55935
0.147845 3.03632
0.126286 2.82111
0.143108 3.90347
0.374818 3.19816
0.181637 3.01369
0.258687 3.20001
0.218093 3.29592
0.355211 2.84319
0.374126 2.94967
0.0812453 3.38504
0.331747 3.46107
0.0813111 2.62117
0.406848 3.47711
0.114989 3.14917
0.373622 3.37228
0.213757 3.50316
0.156357 3.05465
0.342473 3.2548
0.203975 3.2072
0.411032 3.23861
0.150722 3.49224
0.206453 3.38385
0.152232 3.36583
0.26821 3.58331
0.175931 3.63028
0.309843 3.49194
0.127528 3.65169
0.340236 3.10351
0.472723 3.18667
0.142473 3.65029
0.135983 2.29994
0.487355 2.96377
0.424709 3.01849
0.378201 2.85076
0.178147 3.33425
0.342996 3.14536
0.281031 2.75895
0.316933 2.82911
0.276183 3.36193
0.406864 3.36548
0.207024 2.96381
0.30248 2.96122
0.165761 3.07069
0.160996 3.40525
0.44785 2.94032
0.280803 3.3126
0.349066 3.16567
0.137553 3.96742
0.212825 2.87119
0.435095 3.28688
0.321219 3.22754
0.439466 3.24088
0.264414 3.29867
0.265748 3.01618
0.290137 2.95603
0.127239 3.56794
0.15401 3.50332
0.219158 2.60157
0.306886 3.23427
0.130941 2.7159
0.163849 2.99513
0.249235 3.23748
0.133098 3.42331
0.321961 3.48819
0.203716 2.92511
0.410865 3.48725
0.250555 3.52301
0.177729 2.84715
0.335259 3.29018
0.451808 3.2694
0.210217 2.87189
0.478774 3.30694
0.314548 3.16206
0.363655 2.95274
0.0746108 3.39973
0.421014 3.18093
0.182911 2.78254
0.277607 2.90213
0.419808 2.95424
0.139936 2.86919
0.427349 2.91462
0.366053 3.29934
0.370245 3.33432
0.172856 2.68616
0.250667 2.72707
0.234422 3.00075
0.296807 3.1776
0.332336 2.96776
0.356236 3.14616
0.395816 2.86467
0.375527 3.19616
0.416463 2.90069
0.159176 3.68386
0.426294 3.39638
0.252766 3.07677
0.298458 2.9976
0.281635 3.33178
0.353216 3.12403
0.154262 3.39554
0.427839 3.19365
0.367648 3.34465
0.163971 2.54086
0.427128 3.07448
0.0952746 2.54551
0.150073 3.37581
0.189927 3.51377
0.220789 3.57996
0.226681 3.193
0.384292 2.79957
0.28474 2.72023
0.461943 3.33031
0.40782 3.31441
0.196539 3.79086
0.143742 3.9203
0.362235 3.33757
0.135091 2.88306
0.117063 2.33705
0.370557 3.51281
0.418086 3.32101
0.313871 3.23863
0.176346 2.91521
0.193331 2.94724
0.223105 2.94397
0.256224 3.49481
0.103739 3.08635
0.353512 3.24195
0.151806 2.86614
0.275531 3.0216
0.37069 2.98766
0.127071 2.78824
0.418688 3.43302
0.328232 3.59804
0.170517 3.78253
0.115716 3.73507
0.219555 3.11478
0.363413 3.47944
0.389942 3.43841
0.0966154 3.58764
0.283724 3.39424
0.131398 3.11668
0.287437 3.6229
0.123872 2.88016
0.367134 2.97607
0.427536 3.28423
0.168103 2.68772
0.382591 3.05103
0.283119 2.79994
0.294382 2.94662
0.164691 2.83199
0.107053 4.10282
0.177253 3.00384
0.375774 3.21261
0.472595 2.96572
0.462322 2.94388
0.181952 3.14343
0.482393 3.34136
0.422801 3.35068
0.196983 3.13921
0.354885 3.1906
0.174572 2.91086
0.501456 3.1895
0.172941 2.93409
0.352875 3.05766
0.267769 3.06595
0.323815 2.96654
0.455612 2.81302
0.333123 3.47491
0.262275 3.44745
0.19304 2.6918
0.274036 3.00113
0.125879 2.57755
0.324597 2.73777
0.343161 3.40159
0.205185 2.65304
0.380199 3.24092
0.147799 2.83624
0.269019 2.87667
0.34427 2.97665
0.264716 2.90061
0.390992 3.3601
0.457493 3.21398
0.395664 2.88227
0.390296 2.94167
0.380237 3.2942
0.400344 3.38667
0.218219 3.73539
0.182854 2.45716
0.0846955 3.39997
0.365251 3.00734
0.108538 3.49477
0.442796 2.88077
0.163988 3.12891
0.224052 2.92671
0.197623 3.32988
0.436017 3.25005
0.267336 2.82505
0.136226 3.48716
0.417097 2.90048
0.297183 3.19981
0.194652 3.68832
0.393348 2.8638
0.380403 3.44886
0.238418 2.94108
0.11061 3.50399
0.243734 2.92131
0.164139 2.70484
0.339987 3.28182
0.447483 3.25974
0.19739 2.74028
0.287785 3.27824
0.473198 2.9481
0.179565 3.32766
0.0841289 3.33815
0.387217 3.23438
0.369413 3.19399
0.209678 3.55038
0.454167 3.35967
0.114758 3.39707
0.2142 3.69427
0.34241 3.11221
0.315747 3.15064
0.274845 2.97802
0.469733 3.39303
0.12759 3.92019
0.110449 3.68745
0.216657 3.29948
0.271421 2.98734
0.285115 2.72284
0.268466 3.13435
0.367071 2.78024
0.101071 3.75224
0.202801 2.58752
0.409097 2.97803
0.363278 3.07111
0.1084 2.17517
0.0787717 2.97557
0.254112 3.67117
0.362433 3.07155
0.285439 2.89786
0.30018 3.17526
0.41684 2.97268
0.279596 2.93446
0.257252 2.90344
0.470627 3.00977
0.146416 3.58099
0.391548 3.2782
0.380462 3.21039
0.250647 2.81602
0.230295 3.24527
0.376172 3.24344
0.179033 3.24544
0.124394 2.19204
0.202922 2.74849
0.263649 3.36374
0.0882966 3.27043
0.428588 3.34621
0.471201 2.89305
0.10036 3.5015
0.146613 2.90857
0.414981 2.86323
0.275888 2.94268
0.291295 3.47359
0.40539 3.19937
0.162805 3.31035
0.123019 2.28978
0.343585 3.50749
0.420566 2.94618
0.204521 3.54607
0.291069 2.88296
0.194947 3.3461
0.23569 3.26458
0.350766 3.51086
0.308659 2.96281
0.139719 3.99102
0.270537 3.47477
0.127245 2.95515
0.180446 2.98262
0.195067 2.75363
0.226322 3.21459
0.26893 2.73626
0.415406 3.06527
0.152325 3.43132
0.247127 3.26446
0.11965 3.82408
0.133955 2.89778
0.301035 3.48697
0.132939 3.68774
0.283473 3.34648
0.413662 3.10148
0.14397 3.80976
0.398306 3.29188
0.346698 3.29461
0.343219 3.24854
0.0886364 2.59476
0.208549 2.59119
0.42091 3.00405
0.149499 2.8639
0.466031 3.02402
0.297119 3.10318
0.119504 2.385
0.107699 3.59546
0.285443 3.15045
0.288144 3.05196
0.252323 3.14749
0.148972 3.21723
0.397865 3.45844
0.231008 3.48242
0.389261 3.22122
0.0800758 2.85379
0.354801 3.52541
0.22359 3.44934
0.413037 3.13078
0.414943 3.26326
0.422194 3.25726
0.342069 3.06004
0.372219 2.82233
0.170462 3.71693
0.357828 2.9517
0.132197 3.52538
0.353678 3.4611
0.390963 3.02554
0.329512 2.86746
0.447206 3.14716
0.0885738 2.4632
0.357499 3.25378
0.28136 3.25717
0.431489 2.92849
0.360061 2.83923
0.269921 3.35922
0.442175 3.35723
0.477964 2.86953
0.401646 3.08305
0.337999 3.39869
0.185676 3.20734
0.311388 3.23753
0.116768 3.9662
0.257875 2.69279
0.0919753 3.15925
0.189155 3.5261
0.121869 3.78461
0.0711687 2.61309
0.468576 3.39864
0.163136 3.07515
0.314354 3.41893
0.107442 2.30743
0.0758246 3.45313
0.45061 3.01089
0.205254 2.9278
0.225409 2.66502
0.146558 2.31422
0.326813 3.24012
0.310476 3.39409
0.254852 3.55617
0.433555 3.30111
0.120484 2.7808
0.357898 3.0763
0.268578 3.55492
0.434576 2.96245
0.253802 3.36373
0.254548 3.57296
0.316979 3.37758
0.222182 2.64535
0.257835 3.16501
0.277166 3.42389
0.226423 3.02358
0.399391 3.41468
0.311867 3.25041
0.273594 2.78845
0.362865 3.26637
0.0784215 3.33751
0.121082 3.51907
0.402202 3.31524
0.250961 2.87818
0.264785 3.42349
0.395883 3.0449
0.36394 3.19208
0.129604 2.76164
0.387108 3.48652
0.427501 2.96163
0.233169 2.94767
0.229837 3.42754
0.193311 3.25786
0.326694 3.46347
0.217857 3.24888
0.170654 2.51106
0.141108 3.48104
0.159555 2.70545
0.386845 3.42705
0.344374 2.83616
0.332069 3.28567
0.450947 3.20354
0.21961 3.5387
0.368935 3.04134
0.336532 3.08883
0.225285 3.28897
0.20095 3.41613
0.436142 3.46207
0.274153 3.43413
0.328223 3.10679
0.109405 3.03186
0.134942 3.0861
0.35598 3.15257
0.111456 3.27887
0.335747 3.41217
0.10746 3.04904
0.197765 2.57147
0.269418 3.45159
0.0948643 3.62667
0.381197 2.93528
0.424523 3.18658
0.356278 3.09498
0.210251 2.8142
0.326118 2.77323
0.220128 2.98125
0.207164 2.89995
0.254265 3.3005
0.113644 2.25939
0.422746 3.41962
0.0840374 2.72534
0.213266 2.65284
0.33238 3.12633
0.290152 3.10662
0.197748 2.68606
0.447447 3.41403
0.438985 2.88282
0.372773 3.02886
0.28424 2.94354
0.471784 3.00024
0.301613 3.29417
0.415817 2.92385
0.414119 3.40871
0.363737 2.88568
0.412037 2.899
0.10725 2.18413
0.0848184 3.81226
0.45287 3.12697
0.404941 3.45277
0.215214 3.43147
0.414599 3.24529
0.0755848 3.12038
0.151046 3.74666
0.441058 3.28476
0.397931 3.2881
0.441954 3.25969
0.456099 3.19986
0.188145 3.33748
0.195092 3.54952
0.106899 3.37902
0.289929 3.36653
0.281521 3.34424
0.218565 3.42492
0.426289 2.95885
0.23308 2.84766
0.312599 3.15943
0.387123 3.14862
0.183016 3.59659
0.364698 2.91207
0.142731 2.75141
0.136194 3.13208
0.139995 4.0567
0.205528 3.6756
0.166656 3.40467
0.261517 3.17678
0.183312 2.61698
0.425389 3.12434
0.285537 2.84536
0.394194 3.3008
0.419813 3.25058
0.231656 2.9803
0.211073 3.01203
0.379628 3.34704
0.45644 2.80685
0.137428 3.29004
0.390325 3.16065
0.151331 3.838
0.0995844 4.06935
0.34844 2.96862
0.186138 2.63748
0.401513 2.89099
0.12373 2.2718
0.227993 3.39085
0.375384 2.997
0.357195 2.85707
0.231762 3.27044
0.187387 3.87203
0.365963 3.21496
0.425221 2.94449
0.240808 3.43669
0.136077 3.99885
0.346536 2.90996
0.421794 3.24244
0.464417 3.07602
0.420711 2.90725
0.138609 4.11118
0.275017 2.83895
0.142491 3.40118
0.107221 3.25138
0.303432 3.53974
0.104405 3.82931
0.170975 3.28138
0.365388 2.92336
0.317677 2.83238
0.227941 3.48045
0.157775 2.34046
0.156047 2.60661
0.429262 3.09338
0.199808 2.81158
0.217367 3.26594
0.124454 3.85058
0.209944 3.66394
0.455497 2.95107
0.152736 2.59546
0.350983 2.85464
0.391455 3.36508
0.216036 2.84253
0.15236 3.23324
0.288516 2.9457
0.289995 2.81464
0.263517 3.30295
0.490731 3.40141
0.155803 2.91828
0.112009 2.57797
0.114767 3.24032
0.385505 3.38248
0.0764589 3.12515
0.0949229 2.67917
0.218539 2.97305
0.289617 3.28344
0.32717 3.09612
0.301969 2.95068
0.237913 2.79722
0.427017 2.90271
0.221718 3.68117
0.111503 4.02724
0.189835 2.61896
0.247562 3.256
0.294604 3.32051
0.107838 2.84166
0.381897 2.85003
0.439044 2.96363
0.195427 2.78543
0.214552 3.73942
0.449489 3.09882
0.241926 3.2388
0.425487 3.40959
0.452412 2.85726
0.0949072 2.79057
0.315232 2.74498
0.368874 3.06765
0.113147 3.71605
0.25096 3.43511
0.357974 3.01004
0.285698 3.39765
0.106055 3.80479
0.364046 3.43451
0.12786 3.93668
0.197339 2.92739
0.167546 2.44586
0.0957936 3.16247
0.330274 2.89989
0.46147 3.29737
0.164712 2.45514
0.0822547 3.49662
0.395423 3.14161
0.276255 3.16749
0.157689 3.63997
0.111273 2.41762
0.29989 2.83426
0.130311 3.48467
0.185853 3.78113
0.0814394 2.43955
0.207468 3.65795
0.186063 3.52268
0.19943 3.06784
0.308076 2.71003
0.282942 3.56818
0.10292 2.9187
0.259703 3.50123
0.199654 2.64396
0.120556 2.42233
0.336218 3.18013
0.345297 3.09406
0.402964 3.37808
0.346056 3.18582
0.129302 3.05463
0.401988 3.09619
0.248149 3.1683
0.378359 3.41901
0.227116 3.33001
0.310542 3.09634
0.211067 3.54862
0.374738 3.18577
0.26526 3.28244
0.149708 3.06926
0.428973 3.23162
0.465543 2.84357
0.271714 3.16291
0.0927309 2.79516
0.293614 3.52658
0.422542 2.83531
0.364492 3.23256
0.171946 3.4137
0.33113 3.37935
0.219776 3.06834
0.440897 2.8512
0.339657 3.33331
0.382657 3.50624
0.41798 3.35438
0.198127 3.31529
0.140185 3.65116
0.151598 3.87221
0.387726 3.2648
0.38557 3.00068
0.110203 2.8032
0.456728 3.28033
0.262731 3.4133
0.259424 2.9969
0.127169 2.94054
0.365218 2.95503
0.176278 2.50942
0.22632 3.09249
0.407286 3.24692
0.169812 2.92378
0.198037 3.05963
0.400856 2.79903
0.16544 3.03022
0.359742 3.36962
0.320975 2.9851
0.272799 3.4525
0.446074 3.15234
0.192451 3.81928
0.278171 3.5727
0.165078 3.26533
0.319339 3.39893
0.291032 2.89772
0.247845 2.79197
0.420002 3.12534
0.221699 3.21334
0.398501 3.07094
0.120787 3.1231
0.382378 2.98521
0.177629 3.65955
0.173176 2.49289
0.363274 3.34544
0.178875 3.06325
0.395824 2.86825
0.159329 3.7555
0.429197 3.09831
0.440247 3.21388
0.36514 2.85875
0.101843 3.01246
0.135829 3.95651
0.230685 2.76052
0.439383 3.33615
0.300476 3.29285
0.297897 3.16609
0.145095 2.23168
0.201937 3.68213
0.299094 3.08314
0.250686 3.19424
0.397813 2.89254
0.156562 2.78108
0.352198 2.88495
0.127084 3.99254
0.156933 2.52995
0.305183 2.82406
0.190925 3.65849
0.218592 3.38344
0.112094 2.41782
0.164958 3.1597
0.215969 3.06634
0.470539 3.12914
0.152473 2.57431
0.145003 2.70477
0.22544 3.00129
0.389066 3.20498
0.347884 2.89458
0.252712 2.68662
0.402883 3.31105
0.168966 2.60596
0.432733 3.13772
0.180527 2.99425
0.191961 3.58339
0.423618 3.03336
0.190191 2.56852
0.259551 2.89838
0.105569 3.25718
0.169117 3.62119
0.1493 3.21335
0.390958 3.33082
0.346204 3.09756
0.294374 2.95461
0.0919613 2.79028
0.125818 3.39825
0.321459 3.46512
0.282162 2.73989
0.419181 3.05374
0.220431 3.32763
0.380674 3.40688
0.48064 3.41123
0.294632 3.20298
0.166879 2.59428
0.428714 3.17186
0.213795 2.78391
0.33288 3.55571
0.325734 3.07968
0.426474 3.07547
0.230811 3.47554
0.162723 2.34647
0.25528 2.9179
0.388725 3.05264
0.458365 3.22837
0.369751 3.38997
0.163031 2.4538
0.190121 3.08238
0.323398 3.05895
0.434745 3.26188
0.153645 2.58723
0.131194 2.20576
0.353389 3.51799
0.318218 2.89073
0.147689 3.0316
0.493638 3.13293
0.275489 2.67849
0.205186 2.65339
0.366354 2.9947
0.271662 2.99028
0.410755 3.09808
0.238072 2.97948
0.153997 3.44271
0.358362 2.97998
0.217188 2.93445
0.33415 3.16756
0.392421 3.27129
0.248567 3.67799
0.361757 3.05575
0.252886 3.03647
0.188915 3.13839
0.144488 2.29083
0.475926 2.90013
0.256651 3.13568
0.309835 2.92803
0.285474 3.38705
0.368212 3.16137
0.281151 3.22726
0.27899 3.04551
0.213639 2.76442
0.244166 2.60946
0.117361 3.32712
0.229405 2.77266
0.287427 2.9645
0.478368 3.36728
0.0899986 3.5342
0.236694 2.82038
0.219549 2.68423
0.42757 2.86562
0.335952 3.46762
0.37893 3.47386
0.407246 3.30764
0.233225 2.73363
0.268359 2.89813
0.26531 3.41711
0.3702 2.9265
0.187552 2.97378
0.343445 3.49971
0.236006 3.65135
0.118804 3.32495
0.117326 3.98339
0.367923 3.16226
0.15601 3.49562
0.136648 3.14749
0.263276 2.89929
0.141627 2.78173
0.139552 2.98065
0.362717 3.5227
0.256579 2.86472
0.0887091 3.12173
0.292372 2.86039
0.363807 3.06592
0.157389 3.67767
0.293087 3.06813
0.439471 2.81465
0.449909 3.28608
0.398113 3.46038
0.210079 3.43974
0.14123 3.19147
0.405798 2.89954
0.290516 3.21071
0.381069 3.13366
0.104614 3.06146
0.279364 2.9386
0.350465 2.82402
0.214215 2.721
0.184436 3.09521
0.0790929 3.05211
0.200006 3.70973
0.458326 3.25912
0.275706 2.97904
0.152792 3.57805
0.41915 3.08908
0.422453 3.36666
0.403956 3.23195
0.251081 3.551
0.357621 3.35789
0.193088 3.19139
0.384069 3.21764
0.298451 3.36164
0.33337 3.37245
0.424233 3.07984
0.0897594 2.8369
0.367523 3.42517
0.132482 3.51109
0.293595 2.8574
0.193654 2.91409
0.376302 2.90136
0.372691 2.91593
0.113002 2.64145
0.344394 3.43571
0.408307 3.40916
0.156566 2.42162
0.276664 2.93297
0.456537 3.36779
0.334567 2.88354
0.208628 3.64591
0.239768 3.2314
0.178155 2.8351
0.463713 3.33906
0.383913 3.36031
0.30095 3.40393
0.342751 2.84553
0.280296 3.09448
0.186887 3.55905
0.468257 2.97807
0.283123 2.91764
0.320291 2.87056
0.201594 2.67354
0.139303 2.62575
0.456868 2.9286
0.175964 3.14562
0.108823 3.82209
0.379695 3.36354
0.2783 3.13316
0.382029 2.88606
0.287854 3.2343
0.203265 3.39798
0.403632 3.0915
0.295942 2.78907
0.336785 3.32267
0.403217 3.40282
0.282273 2.64279
0.467755 3.41566
0.118134 3.1787
0.37305 3.09705
0.302221 3.03429
0.259081 3.55134
0.273322 3.56796
0.350461 3.09682
0.293881 3.01322
0.0983798 3.02445
0.203433 3.57972
0.352492 2.9377
0.160814 3.79592
0.245409 2.73866
0.457062 3.11653
0.176585 3.76159
0.203637 3.59448
0.162016 2.43374
0.223476 2.80072
0.365256 2.82267
0.178878 3.69852
0.144142 2.51467
0.269644 2.99877
0.220622 3.35403
0.407484 3.39268
0.41205 3.25627
0.305295 3.57687
0.224826 3.55659
0.418271 3.05619
0.445623 2.82782
0.243051 3.24012
0.193281 2.74999
0.380402 3.46475
0.160926 2.74469
0.379436 3.05554
0.107306 3.60979
0.437251 3.39648
0.192797 3.32194
0.198974 3.41682
0.373064 2.89899
0.13477 3.43497
0.313713 3.22643
0.0860812 2.81752
0.165499 3.90212
0.218327 2.89836
0.367225 3.00593
0.0795524 2.95389
0.430783 3.11927
0.283579 3.51535
0.077522 3.46392
0.361615 3.34462
0.193283 3.60522
0.37921 3.41164
0.346 3.36282
0.346105 2.82065
0.402795 2.92861
0.334089 2.94427
0.349208 3.1896
0.165911 3.83999
0.251782 2.75535
0.258868 3.01222
0.198188 2.56171
0.399144 2.98546
0.183126 3.36236
0.192075 3.08235
0.277529 2.75085
0.186021 3.25208
0.0911342 3.40586
0.146548 3.67181
0.310392 2.8798
0.412789 3.10306
0.304091 3.04807
0.345335 3.29982
0.147022 2.70194
0.362161 3.04042
0.143777 2.45659
0.144545 3.11423
0.273833 3.00662
0.256192 2.98886
0.261006 2.76096
0.364392 3.10795
0.25289 3.38324
0.227962 3.17323
0.395407 3.21726
0.281823 2.94658
0.173928 3.57477
0.257304 2.65868
0.070876 3.47192
0.203024 2.97128
0.358728 3.38397
0.284463 3.00844
0.336237 2.79441
0.27962 2.75476
0.190669 2.99022
0.144266 3.2856
0.136216 3.96297
0.321623 3.50699
0.150936 2.89378
0.0849994 3.90584
0.251883 3.32186
0.39222 2.84794
0.357753 3.31736
0.125833 3
0.295581 3.20299
0.250035 3.14191
0.176548 3.58171
0.091282 3.39134
0.169187 3.59217
0.334885 3.40298
0.306385 3.25492
0.427822 3.36596
0.416864 3.30076
0.429199 2.96859
0.197499 3.66737
0.185448 3.49765
0.461903 2.97126
0.438085 3.046
0.123186 3.12178
0.241734 3.02551
0.399168 3.3763
0.190449 3.6705
0.330577 3.54659
0.116912 2.6563
0.135062 3.9908
0.337627 3.23142
0.309076 3.50323
0.282112 3.10611
0.182511 3.15697
0.396204 2.91682
0.0583665 3.18193
0.374539 3.12144
0.322255 3.02805
0.357117 3.00118
0.0883548 3.76796
0.357704 3.39987
0.236968 3.24076
0.129377 3.89088
0.476849 3.34636
0.164014 2.45187
0.0860992 3.63424
0.119617 2.75107
0.374306 3.47404
0.412438 3.12927
0.37661 2.94511
0.236411 3.28738
0.183057 3.75397
0.266218 3.00095
0.387313 3.15005
0.374655 3.15818
0.163507 3.44097
0.136434 2.60683
0.411637 3.18427
0.438582 2.82595
0.193506 2.99167
0.21779 2.67742
0.289033 3.0322
0.311393 3.05899
0.342333 2.88654
0.289845 2.86454
0.183613 3.04325
0.147104 2.53627
0.184889 3.52761
0.166865 3.60027
0.327035 2.86585
0.367865 3.14442
0.238299 3.08184
0.410606 2.8476
0.275997 3.06961
0.485932 3.28131
0.267023 3.25385
0.282188 3.49918
0.205665 2.79756
0.416439 3.50916
0.278507 3.47785
0.248595 3.23556
0.452169 3.08627
0.296505 3.24384
0.325325 3.15284
0.212585 2.63519
0.247363 3.08544
0.382653 3.42991
0.0946502 3.14585
0.481797 2.93915
0.192478 2.80506
0.502547 3.3555
0.121954 3.51192
0.214758 3.29848
0.119798 3.115
0.324478 3.43492
0.270199 3.06055
0.244706 3.07733
0.300216 2.8584
0.256568 3.19042
0.146574 2.96592
0.152565 3.61455
0.0771015 3.62129
0.3396 2.95247
0.360822 3.3097
0.378667 2.82741
0.317806 2.77384
0.198695 2.58674
0.385834 2.94222
0.422328 3.07602
0.132777 2.46044
0.27826 3.25925
0.231972 3.13828
0.297692 3.08258
0.366144 2.9692
0.44948 2.81201
0.363996 2.96778
0.25364 2.71243
0.358055 3.07222
0.185719 3.57735
0.329462 2.90353
0.37201 3.06741
0.165303 2.92754
0.317654 3.1549
0.11491 3.55406
0.0653967 3.38843
0.455767 3.29891
0.361932 3.40778
0.220154 3.64637
0.28716 3.50867
0.290744 2.88304
0.157183 3.93734
0.405088 2.92306
0.377859 2.83804
0.147045 2.97914
0.443509 3.02762
0.352778 3.02328
0.233379 3.58263
0.384172 2.79748
0.201271 3.30598
0.112713 3.49459
0.403017 3.10237
0.203016 3.28539
0.176522 2.8712
0.405461 3.08951
0.163102 3.34381
0.399794 3.47497
0.323222 2.86095
0.351291 2.98389
0.12643 2.45012
0.320044 3.04794
0.337421 3.11563
0.137094 3.8584
0.234119 2.57158
0.248089 3.29599
0.365717 2.81942
0.119921 3.09789
0.281991 2.99399
0.155686 3.83598
0.465621 3.0698
0.350749 2.88068
0.113784 2.31144
0.366356 3.49007
0.309985 3.47689
0.494431 3.07238
0.45307 3.32857
0.156688 3.57878
0.253419 2.83698
0.320029 3.41062
0.46538 3.26306
0.138453 3.69698
0.347028 2.87305
0.295989 3.40838
0.308376 3.44473
0.336895 3.5116
0.36155 3.26845
0.256839 2.97508
0.291972 2.76666
0.268869 2.90421
0.10232 3.66061
0.133813 2.58542
0.280551 2.75326
0.429034 2.90878
0.43027 2.93086
0.412973 3.43573
0.243986 3.50708
0.121888 3.81004
0.286332 3.11944
0.266056 3.09294
0.422426 2.94211
0.160831 2.84259
0.289058 3.54927
0.14813 3.77194
0.222835 2.61817
0.42588 3.05343
0.309828 3.52475
0.207426 2.87633
0.19957 2.91214
0.410948 2.86058
0.384156 3.35386
0.373415 3.3788
0.459635 3.02921
0.186379 3.53815
0.241869 2.68185
0.361131 3.23298
0.0901816 3.18793
0.207082 3.00176
0.335807 2.96803
0.398874 2.85292
0.400109 3.0773
0.226578 3.07926
0.360472 2.86475
0.419216 3.11435
0.176085 2.82519
0.274045 3.25754
0.20667 3.14042
0.181394 3.68204
0.272306 3.08071
0.176608 2.99419
0.270856 3.47506
0.30365 3.22653
0.435869 3.37786
0.0828391 2.4683
0.0796298 3.2285
0.36583 3.37199
0.203113 3.72072
0.325535 3.05475
0.419733 2.84845
0.165401 3.09772
0.176735 2.87587
0.127407 2.42112
0.436411 2.83744
0.261886 2.68525
0.348571 3.30733
0.188174 2.56523
0.333678 3.11868
0.413766 3.24273
0.49362 3.36054
0.406412 3.34802
0.204519 2.75328
0.316769 3.51408
0.310297 3.55089
0.376064 3.06074
0.272106 3.0503
0.109569 3.3083
0.457521 3.19015
0.143034 2.56003
0.325471 3.14078
0.419915 3.1917
0.132688 3.42473
0.108855 3.84116
0.115028 3.09055
0.175829 2.73062
0.3046 3.2829
0.370188 3.41928
0.137004 3.06953
0.206408 3.06279
0.378512 2.98572
0.347301 3.10207
0.334249 3.35258
0.184699 3.0337
0.309859 3.20715
0.0888088 2.85095
0.283628 2.65945
0.102888 2.51066
0.483372 3.35198
0.430263 3.22843
0.129092 3.22629
0.36223 3.01348
0.472772 3.32262
0.330162 2.74375
0.254348 3.35141
0.30552 3.31647
0.338889 3.16588
0.254014 3.00822
0.29353 2.99141
0.12682 2.96526
0.125113 3.55171
0.261811 3.43285
0.282765 3.17737
0.373209 2.80002
0.136188 3.70302
0.382489 3.26672
0.407774 3.32661
0.407128 2.96137
0.419405 3.47792
0.192181 2.85307
0.361324 3.40447
0.261153 3.28846
0.276797 3.59466
0.227144 3.07366
0.207113 2.71277
0.212992 2.67808
0.439271 3.3555
0.301985 3.4245
0.401213 3.3801
0.214245 3.00522
0.13974 2.359
0.187107 2.73764
0.375055 3.04793
0.279529 2.88784
0.233088 2.86419
0.366788 2.95921
0.425898 3.18936
0.179204 2.60611
0.418317 3.47088
0.394223 3.24038
0.096378 3.73224
0.0978174 3.2307
0.242608 2.69325
0.499612 2.99581
0.102273 2.81964
0.311792 2.84986
0.121138 2.57607
0.348644 3.15657
0.438925 3.39051
0.170834 2.89044
0.148556 3.78575
0.363805 2.74969
0.286498 2.95611
0.40287 2.97813
0.413795 2.86357
0.15395 2.71655
0.202471 3.50534
0.336977 3.30346
0.193585 3.04366
0.421991 3.27412
0.475874 3.23525
0.316239 3.41925
0.277051 3.02221
0.195611 3.42661
0.37292 3.15045
0.172363 2.92275
0.449649 2.86342
0.224285 3.1007
0.380629 3.44522
0.157864 3.47073
0.315702 2.95667
0.17047 2.66019
0.309488 3.10361
0.327985 3.20476
0.388457 2.85103
0.369152 2.96546
0.288866 3.03618
0.192527 3.4638
0.137575 3.44718
0.418991 2.90513
0.388122 3.39294
0.21381 3.38431
0.340757 2.95254
0.302827 3.23699
0.126423 3.2112
0.22483 3.05992
0.471354 2.92325
0.252141 3.56163
0.191431 3.3256
0.200983 3.60737
0.239444 3.02503
0.127655 3.94675
0.441221 3.44292
0.30055 3.38763
0.138723 3.93552
0.278288 3.48988
0.244889 3.09141
0.169683 3.6951
0.155757 2.81897
0.240166 3.63553
0.329898 2.79249
0.465193 2.829
0.216888 3.37091
0.152147 3.6432
0.283591 3.47252
0.370525 3.12455
0.407192 3.292
0.266725 3.42132
0.177443 3.31508
0.163464 2.6701
0.262169 3.38636
0.0875832 3.12398
0.37905 3.15352
0.209317 2.62686
0.26809 3.41048
0.131405 2.30026
0.354632 3.51267
0.246929 3.29407
0.436243 3.36201
0.130952 2.32896
0.145679 2.68475
0.202316 3.53341
0.282951 3.49904
0.455197 3.24158
0.408682 3.35777
0.449673 3.22435
0.0976031 3.28704
0.369381 2.7961
0.297428 3.51549
0.491335 2.93018
0.409523 3.49153
0.497823 2.8964
0.362811 3.02245
0.280304 3.10264
0.118448 2.51997
0.12249 3.33947
0.165037 3.12408
0.161136 2.55342
0.115863 3.60675
0.161147 3.27279
0.173759 2.54186
0.385456 3.50465
0.427167 2.83369
0.349453 3.35394
0.253867 3.46146
0.444544 2.92745
0.486714 3.16135
0.346176 3.08532
0.355628 3.53799
0.301481 3.06418
0.122033 2.06747
0.416247 2.87577
0.287075 3.28106
0.274798 3.43192
0.420057 3.5055
0.390379 3.11269
0.400465 3.31722
0.131815 3.40393
0.275618 2.75651
0.192554 3.39755
0.157774 2.90609
0.376646 2.84869
0.235449 3.02527
0.389827 2.92573
0.40654 2.84304
0.381674 2.8324
0.171664 2.64256
0.153416 3.24335
0.425639 3.46597
0.430376 3.21995
0.359956 3.32042
0.26578 2.95141
0.41039 2.8653
0.148646 2.85252
0.242827 3.24669
0.342621 3.08171
0.262332 2.82368
0.429869 3.2457
0.183274 2.46704
0.344938 3.23113
0.496048 3.02033
